; Holds collision statistic arrays:
;   1: mass_ion/mass_gas = 1
;   2: mass_ion/mass_gas = 10
;   3: mass_ion/mass_gas = 100
;   4: mass_ion/mass_gas = 1000
;   5: mass_ion/mass_gas = 10000
; Statistic is based on 100,000 ions having 100,000 collisions each
; mean free path between collisons is normalized to one (1).  Data is
; distance r from origin after 100,000 collisions.  Each entry (r)
; represents an 0.1% step in probability (e.g. span of 1,000 steps).
;
; See collision_sds.lua for details.

; MBMR1: mass_ion/mass_gas = 1
0.000000
12.735351
50.678255
62.202568
72.869171
80.235097
87.401947
92.483486
98.609158
103.382900
107.374204
111.163976
114.620334
117.979022
121.353933
124.104488
127.179587
129.885539
133.165956
135.411067
137.668018
140.402986
142.893801
145.171263
147.449576
149.890810
152.074749
153.828445
156.056838
158.043240
159.724872
162.000726
163.611367
165.064283
166.737933
168.386266
170.143764
171.643187
173.074071
174.874113
176.556562
178.408814
179.845835
181.208490
182.705945
184.163107
185.854237
187.329121
188.774592
190.229913
191.641856
193.079406
194.494845
196.142389
197.338781
198.699649
200.012255
201.183912
202.283270
203.582416
204.875901
206.076682
207.330638
208.601550
209.659152
210.721321
212.211429
213.516649
214.700029
215.975946
217.282471
218.487661
219.501469
220.505604
221.533663
222.911011
223.984664
224.871078
226.009838
227.068412
228.258418
229.370259
230.394329
231.497918
232.549001
233.479628
234.422667
235.424290
236.396792
237.364870
238.235309
239.175472
239.949356
240.845889
241.758974
242.890043
244.011013
244.921290
245.887643
246.726067
247.792191
249.003845
249.850443
250.806623
251.787733
252.684009
253.625920
254.585405
255.321999
256.303258
257.141806
258.052733
258.893161
259.766716
260.643290
261.388582
262.176719
263.224192
264.152992
264.931320
265.576504
266.440333
267.222155
268.073344
268.907112
269.742427
270.676360
271.505470
272.390103
273.211972
273.994749
274.842862
275.602776
276.376659
277.152999
278.068700
278.755286
279.444823
280.382055
281.146035
281.871925
282.532318
283.294724
284.169955
284.815222
285.644045
286.463162
287.337072
287.974465
288.634217
289.306273
290.000350
290.914299
291.712962
292.548333
293.191785
293.868926
294.742935
295.617367
296.449956
297.135542
297.929035
298.617207
299.378439
300.001501
300.862262
301.407317
302.023211
302.771562
303.455688
304.016384
304.820758
305.387662
306.158566
306.857890
307.573662
308.166709
308.893902
309.613387
310.378496
311.112571
311.737514
312.435704
313.276842
313.819448
314.423053
315.055545
315.779751
316.400456
316.965573
317.670835
318.396104
319.123056
319.814759
320.369362
321.034393
321.735470
322.472143
323.185652
323.928607
324.576210
325.179952
325.816072
326.428509
327.052121
327.730984
328.497088
329.149137
329.755151
330.457993
331.240587
331.854131
332.575740
333.208829
333.901509
334.524521
335.063327
335.730812
336.337326
336.985382
337.618337
338.292971
338.982633
339.541391
340.304054
340.968454
341.695367
342.253970
342.912195
343.549234
344.197712
344.765025
345.474566
346.075924
346.788834
347.324504
347.990827
348.544795
349.209779
349.812371
350.518338
351.202647
351.670423
352.266737
353.032452
353.608162
354.187908
354.802831
355.426759
356.048757
356.681588
357.330786
357.953302
358.621825
359.211884
359.909143
360.406213
361.073490
361.690840
362.284520
362.887298
363.421934
363.914390
364.467335
365.065866
365.757498
366.394444
366.948481
367.523978
368.149413
368.840117
369.346596
369.919847
370.518915
371.066153
371.578660
372.140494
372.735501
373.364875
374.026449
374.608292
375.182457
375.763712
376.387519
376.964100
377.527102
378.111855
378.705402
379.330881
379.986554
380.566526
381.167927
381.778934
382.378340
382.978000
383.628248
384.178958
384.832326
385.343774
386.120318
386.678056
387.236373
387.859507
388.504170
389.083228
389.679263
390.267526
390.790244
391.333640
391.909909
392.500767
393.055347
393.597244
394.183857
394.748142
395.292991
395.907353
396.413831
397.094593
397.682949
398.226130
398.857457
399.381580
400.021217
400.551504
401.120175
401.656828
402.161132
402.762431
403.386251
403.994952
404.557537
405.102689
405.701971
406.270458
406.847739
407.426697
407.920453
408.507455
409.020722
409.515626
410.063494
410.567034
411.047503
411.634119
412.147913
412.719347
413.303233
413.856007
414.350693
414.849085
415.370627
416.072456
416.724873
417.259117
417.759274
418.212789
418.745164
419.286448
419.798472
420.387766
420.991587
421.540722
422.074814
422.626537
423.116167
423.737883
424.282823
424.856038
425.401109
425.937298
426.472369
427.058098
427.606617
428.138709
428.701126
429.215079
429.707155
430.231986
430.835078
431.531141
432.198185
432.806829
433.383744
434.032302
434.567319
435.073155
435.631152
436.087077
436.661353
437.123285
437.679156
438.103356
438.620056
439.136688
439.658214
440.181163
440.706463
441.114856
441.590034
442.150686
442.698049
443.217471
443.718367
444.192244
444.741423
445.233748
445.821450
446.300156
446.899005
447.458078
448.074641
448.665575
449.096891
449.600818
450.179983
450.614985
451.213079
451.825140
452.348831
452.855531
453.343070
453.856982
454.343060
454.844310
455.365211
455.931214
456.446799
457.034943
457.577824
458.174011
458.678376
459.193015
459.726406
460.291678
460.857544
461.481259
462.037789
462.593028
463.174369
463.733004
464.286324
464.821644
465.431127
466.007277
466.513817
467.116902
467.667815
468.211716
468.786542
469.352316
469.881119
470.469470
470.994959
471.477135
472.011192
472.607595
473.156199
473.809535
474.305590
474.948868
475.538097
476.041466
476.536281
476.991517
477.558131
478.182249
478.664492
479.158881
479.787855
480.334677
480.845828
481.408184
481.861999
482.361186
482.914691
483.520520
484.083665
484.601814
485.105577
485.630550
486.129494
486.767519
487.377367
488.001770
488.533714
489.035734
489.639664
490.258350
490.919180
491.461630
491.952608
492.537674
493.036811
493.580780
494.103063
494.667665
495.167029
495.789863
496.285068
496.916174
497.485266
498.066921
498.644188
499.214261
499.771049
500.374275
500.849787
501.367140
501.898609
502.481088
502.983772
503.519735
504.110206
504.685962
505.245567
505.788282
506.400774
507.016661
507.639357
508.319419
508.953096
509.599721
510.093360
510.594023
511.096150
511.583409
512.166196
512.668883
513.218497
513.710978
514.262969
514.829426
515.423379
515.979954
516.628117
517.116914
517.742293
518.209858
518.805188
519.449317
520.147917
520.828856
521.299436
521.860562
522.453029
523.069397
523.592644
524.152730
524.625706
525.186069
525.789392
526.344094
526.977990
527.484373
528.063805
528.705144
529.217905
529.802947
530.343867
530.921374
531.494672
531.973070
532.492258
533.224672
533.797193
534.402883
534.947383
535.426570
536.086343
536.638291
537.223060
537.766243
538.373089
538.932893
539.513414
540.129919
540.684929
541.215456
541.895654
542.434049
543.085713
543.646473
544.274935
544.826719
545.428818
546.035523
546.580819
547.248688
547.771498
548.300189
548.954459
549.543356
550.056056
550.616655
551.286748
551.891426
552.444956
553.071489
553.642322
554.188344
554.767523
555.420044
556.144612
556.720865
557.218936
557.740330
558.295701
558.931863
559.528150
560.243357
560.843657
561.477964
562.120239
562.788683
563.535444
564.119341
564.858000
565.376127
565.987351
566.644905
567.171230
567.825268
568.449486
569.081217
569.728666
570.478237
571.021886
571.573020
572.248404
572.831780
573.445437
574.072877
574.685106
575.315150
575.866329
576.645305
577.253509
578.001578
578.647109
579.338391
580.071149
580.759058
581.366985
582.002490
582.649415
583.301135
583.825960
584.423140
585.132699
585.855141
586.527939
587.178622
587.876890
588.518932
589.231276
589.882874
590.545237
591.163823
591.835848
592.450755
592.975716
593.622088
594.303497
594.990483
595.664568
596.333631
596.909765
597.655524
598.432994
599.118943
599.731157
600.394004
601.022838
601.807595
602.466730
603.106003
603.675663
604.208046
604.924173
605.646295
606.290236
606.875138
607.524490
608.234998
609.043885
609.665469
610.318531
610.973325
611.717390
612.305056
613.089186
613.920859
614.591473
615.238274
615.885156
616.391498
617.015492
617.765282
618.366605
619.054482
619.670351
620.342968
620.993809
621.680925
622.294068
622.991333
623.810543
624.549733
625.236528
625.996548
626.641186
627.399990
628.092114
628.774825
629.543254
630.183941
630.857269
631.617263
632.361371
633.038245
633.808725
634.477394
635.321483
636.022775
636.790450
637.332359
638.079365
638.746542
639.598847
640.401934
641.216335
641.991116
642.744930
643.416999
644.164550
644.822416
645.542845
646.336573
647.138198
648.074328
648.762968
649.364016
650.141320
650.992557
651.826218
652.526757
653.342930
654.056417
654.725093
655.408501
656.214566
657.083944
657.992162
658.712753
659.375585
660.136980
660.919825
661.599394
662.444165
663.114395
663.888588
664.762271
665.578730
666.296886
667.231377
667.996330
668.954176
669.821466
670.528028
671.318847
672.202460
673.001570
673.853975
674.723482
675.470749
676.269102
677.113988
677.898101
678.759683
679.525070
680.426383
681.162051
682.043996
682.819062
683.781755
684.504694
685.266067
686.167737
686.979736
687.746729
688.610886
689.708549
690.634484
691.584333
692.416783
693.242537
694.213137
695.244221
696.087358
696.933397
697.725506
698.479918
699.270977
700.258433
700.977957
701.894508
702.699169
703.593462
704.542073
705.457959
706.347512
707.187805
708.127089
708.987210
709.998164
711.087617
712.059862
713.034491
713.998400
715.003783
715.790469
716.612813
717.464448
718.367779
719.324871
720.442145
721.490698
722.448811
723.352563
724.381332
725.551667
726.606627
727.645105
728.622578
729.688696
730.666503
731.558154
732.464030
733.549416
734.611002
735.762585
736.618055
737.819787
738.927017
739.883327
740.813781
741.832038
742.784514
743.875880
744.964809
745.912756
746.977521
748.167155
749.339169
750.451473
751.528045
752.642140
753.765264
754.924460
756.034948
757.046165
758.307208
759.358774
760.549769
761.692889
762.946572
764.056274
765.341405
766.598414
768.087301
769.377236
770.560122
771.978291
773.374519
774.734512
775.929171
777.128587
778.207968
779.494578
781.005762
782.247846
783.558210
784.847194
785.960689
787.267113
788.588028
789.739927
791.165778
792.411917
793.951535
795.479813
796.737048
798.162523
799.437217
800.848049
802.421989
803.827730
805.024919
806.656894
807.942521
809.407435
810.867215
812.336355
814.114336
815.637506
817.137103
818.738287
820.577201
822.171309
823.742464
825.253897
826.746561
828.298103
829.885047
831.512581
833.117445
834.936662
836.455577
838.258613
839.955552
841.761422
843.607994
845.561286
847.423560
849.128360
850.888753
852.524310
854.325930
856.236787
858.301892
859.987723
861.685017
863.674521
865.699812
867.692062
869.611759
871.531432
873.648637
875.345988
877.558789
879.550391
881.844580
884.766448
887.324930
889.970609
892.236609
894.594446
897.095925
899.389683
901.695920
904.243709
906.514939
909.019126
911.715111
914.324883
916.828702
919.479631
922.159537
925.161415
929.179252
932.204090
935.192721
938.634196
941.562189
944.857043
948.375098
951.573162
955.545440
959.703015
963.717909
967.702523
971.957013
976.056498
980.635970
984.818343
989.768794
994.282675
999.083584
1004.056271
1008.733295
1015.141141
1021.504973
1026.665554
1034.545156
1041.254117
1048.628858
1055.744007
1064.384991
1072.824885
1082.797076
1093.084897
1103.633062
1114.837466
1128.388365
1141.577421
1158.223003
1180.471393
1210.669385
1245.291537
1293.990798
1600.793791

; MBMR2: mass_ion/mass_gas = 10
0.0000
9.727045
108.800524
146.904361
170.337250
187.960045
202.146108
213.832987
225.306644
237.257499
246.436735
256.625034
265.030100
272.978290
280.663315
287.144774
292.652997
298.064746
305.683980
312.439258
319.284852
325.174991
330.909653
336.505957
342.723599
348.472051
353.255248
358.784939
364.130908
368.757951
372.993092
377.362111
381.228857
385.504614
389.507692
393.412852
397.143220
400.725808
404.722153
408.920708
412.871431
416.150253
419.887207
423.196677
426.353526
430.142924
433.593449
436.964591
440.545908
443.999630
446.771096
449.434879
452.703640
455.678893
459.525699
462.327673
465.215055
468.251018
471.352966
474.470309
477.245927
480.012941
482.614735
485.346545
487.457419
490.198651
493.093327
496.009070
499.338160
502.186546
504.935269
507.563205
510.427151
513.022055
515.657178
518.338604
520.993098
523.580207
526.079697
528.375553
530.911795
533.708150
535.970910
538.161176
540.593642
542.443934
544.673918
547.002626
549.722330
552.363559
554.556399
556.980063
559.553200
561.648764
563.511772
565.558295
567.852074
569.906082
571.860513
574.122747
576.603713
578.783140
581.172693
583.261973
585.638492
587.724251
590.047039
592.067905
594.215864
596.362928
598.137216
600.281030
602.175119
604.136838
606.084353
608.434094
610.509267
612.398439
614.223011
616.147614
618.557595
620.603517
623.022449
625.033817
627.214766
629.197263
631.321719
633.247622
635.285385
636.974409
639.001686
641.346350
642.939164
644.603391
647.206326
648.957663
650.703170
652.735031
654.652299
656.309279
657.856761
659.673855
661.221708
663.007472
664.619981
666.625572
668.079617
670.199392
672.093342
674.127563
675.732207
677.089375
678.695686
680.775939
682.879737
684.564489
686.321076
688.125859
690.126833
691.924892
693.810152
695.446436
697.115530
698.874139
700.734346
702.105576
703.838834
705.422062
707.091262
708.689926
710.438027
711.754001
713.509043
715.130518
716.544020
718.185541
719.922311
721.862714
723.445886
725.112448
726.730733
728.581527
729.952635
731.920150
733.657854
735.430157
736.788047
738.394275
740.077401
741.735580
743.107104
744.721644
746.428006
748.096367
749.561751
751.093782
753.002428
754.527744
755.976082
757.860392
759.561920
760.903914
762.426702
763.777849
765.261494
766.676460
768.407936
769.902509
771.619162
773.162426
774.963938
776.444913
777.856918
779.516410
781.060803
782.621010
784.117099
785.574459
787.029163
788.427132
789.863573
791.455595
792.843960
794.257411
795.827987
797.198368
798.697677
800.045028
801.644886
803.158824
804.465459
806.005111
807.287050
808.655144
810.047538
811.413465
813.039914
814.435336
816.147499
817.712372
818.949742
820.486655
821.759764
823.132966
824.540615
825.995485
827.316898
828.820128
830.478658
832.153606
833.463618
834.664499
836.152046
837.526905
839.029706
840.506058
842.151664
843.494948
845.068380
846.490205
848.061028
849.276873
850.543230
851.891341
853.431449
854.769789
856.100806
857.423648
858.549773
859.839211
861.067420
862.410831
864.072153
865.493774
866.743232
868.145987
869.526177
871.144708
872.544093
874.056162
875.516025
877.041096
878.124083
879.572851
881.272922
882.583267
883.990711
885.446102
886.753190
887.990026
889.282083
890.423771
891.799948
893.198602
894.465582
895.986903
897.248469
898.658315
899.865747
901.131355
902.496334
903.673881
905.198044
906.740557
908.155115
909.614868
910.945087
912.157086
913.355653
914.564922
915.850585
917.030681
918.510384
919.833704
921.082693
922.388251
923.549565
924.805771
926.335885
927.725706
928.738333
929.884570
931.362233
932.515294
933.946268
935.421871
936.721417
937.933197
939.099125
940.337214
941.749461
942.932768
944.242014
945.462909
946.830396
948.440740
949.816866
951.131336
952.466538
953.794550
954.991304
956.392349
957.631899
959.004623
960.210561
961.362638
962.471470
963.559763
964.966345
966.147242
967.473466
968.882021
970.154038
971.426893
972.404819
973.754312
975.238190
976.596525
978.001306
979.091510
980.404273
981.791824
983.283496
984.699281
986.156544
987.544800
988.820806
990.251935
991.394550
992.635393
993.781955
995.087394
996.270021
997.583321
998.903050
1000.104323
1001.409842
1002.630554
1003.791503
1004.933661
1006.360493
1007.704822
1009.016045
1010.193870
1011.536705
1012.956102
1014.186597
1015.442895
1016.769388
1018.199091
1019.342391
1020.789682
1022.069589
1023.471630
1024.457509
1025.835695
1026.956180
1028.151897
1029.488307
1030.914225
1032.159882
1033.448118
1034.603097
1035.712990
1036.911526
1038.329519
1039.597954
1040.923992
1042.149827
1043.396372
1044.557097
1045.841307
1047.145434
1048.404065
1049.628396
1051.000028
1052.220267
1053.512128
1054.782833
1056.069718
1057.199024
1058.731401
1059.937118
1061.181476
1062.741821
1064.288031
1065.712180
1066.953546
1068.045012
1069.288735
1070.698116
1072.115985
1073.407997
1074.512841
1075.805868
1077.091626
1078.223567
1079.566301
1080.942136
1082.030462
1083.272183
1084.512978
1086.016990
1087.442557
1088.723020
1089.959210
1091.356297
1092.639601
1094.093749
1095.438881
1096.677256
1097.980698
1099.095311
1100.414639
1101.565485
1102.983923
1104.113066
1105.353803
1106.978535
1108.073598
1109.473958
1110.768810
1112.176728
1113.383315
1114.473085
1115.798382
1117.163671
1118.629994
1120.061977
1121.387440
1122.662798
1123.997548
1125.316359
1126.740238
1128.038433
1129.418007
1130.944730
1132.238792
1133.515877
1134.745619
1136.084106
1137.294141
1138.738037
1140.013163
1141.300918
1142.634944
1143.928731
1145.202469
1146.603969
1148.017374
1149.199412
1150.467548
1151.798458
1153.371957
1154.562766
1155.810563
1157.115271
1158.606111
1159.688453
1160.820829
1162.103913
1163.513702
1164.700246
1165.949391
1167.189044
1168.710314
1170.000049
1171.285213
1172.585781
1173.732954
1174.992421
1176.482944
1177.982030
1179.326263
1180.622023
1181.840993
1183.209112
1184.623411
1186.065359
1187.440581
1188.693121
1189.984860
1191.462620
1192.816548
1194.143348
1195.342830
1196.785309
1198.088161
1199.406965
1200.823908
1202.286583
1203.616984
1205.168725
1206.445431
1208.006530
1209.324855
1210.736497
1211.856114
1213.420157
1214.865885
1216.027440
1217.269892
1218.625453
1219.834220
1221.351814
1222.717619
1224.015788
1225.405784
1226.568104
1227.945804
1229.305801
1230.379220
1231.711271
1233.179773
1234.627431
1235.970970
1237.432593
1239.139026
1240.866550
1242.299858
1243.588813
1244.969450
1246.394696
1247.446303
1249.015040
1250.389771
1251.784184
1252.969131
1254.294769
1255.445640
1256.634174
1258.067747
1259.586543
1261.004881
1262.474939
1263.749192
1265.001411
1266.566252
1267.840256
1269.155848
1270.354149
1271.845588
1273.137467
1274.457850
1276.039237
1277.529316
1278.879147
1280.180772
1281.591361
1283.076268
1284.515548
1285.981375
1287.452695
1288.881478
1290.304979
1291.592284
1292.949223
1294.419312
1295.756938
1297.235673
1298.676566
1299.873331
1300.993168
1302.344580
1303.630433
1305.030678
1306.444784
1307.932095
1309.358600
1310.770225
1312.032684
1313.212582
1314.654681
1316.129522
1317.628586
1319.233943
1320.925878
1322.442233
1323.816536
1325.365312
1326.574995
1327.943440
1329.224066
1330.648048
1332.123937
1333.610755
1334.953810
1336.526160
1337.882624
1339.324141
1340.899876
1342.230011
1343.779313
1345.282819
1346.491615
1347.903047
1349.552273
1350.967766
1352.447529
1353.853970
1355.380399
1356.836910
1358.355880
1359.886980
1361.338294
1362.724227
1364.248865
1365.572239
1367.128383
1368.908424
1370.586354
1372.116424
1373.600726
1375.195256
1376.816617
1378.062380
1379.765019
1381.224041
1382.803947
1384.474613
1386.068372
1387.477183
1389.105541
1390.835486
1392.441004
1393.841845
1395.211158
1396.765864
1398.461721
1400.200059
1401.463329
1403.243836
1404.896795
1406.636773
1408.277043
1409.914227
1411.185016
1412.753415
1414.444086
1416.060895
1417.510137
1419.118160
1420.997883
1422.545671
1424.241208
1426.093957
1427.656044
1429.349714
1431.006576
1432.586591
1434.027205
1435.542613
1437.383003
1438.928058
1440.495130
1442.335319
1444.084932
1445.658099
1447.417264
1449.224311
1450.786734
1452.807682
1454.548820
1456.179618
1457.883258
1459.543661
1460.998127
1462.533704
1464.321138
1466.317312
1468.169353
1469.660761
1471.672149
1473.354892
1474.847251
1476.696089
1478.246640
1479.975932
1481.854140
1483.343208
1484.991587
1486.531260
1488.513672
1490.334162
1491.963860
1493.565535
1495.949914
1497.655577
1499.127647
1500.587861
1502.337572
1504.008901
1505.653050
1507.373082
1508.857644
1510.932910
1512.897037
1514.593480
1516.477379
1518.211293
1519.940556
1521.427898
1523.382765
1524.891861
1526.511557
1528.327184
1530.364504
1532.197706
1533.680303
1535.511895
1537.288777
1539.119766
1541.073998
1543.056485
1544.915316
1547.000157
1548.877971
1550.865685
1552.734798
1554.676485
1556.507899
1558.477514
1560.527817
1562.365689
1564.270622
1566.018642
1567.903579
1569.783155
1571.324087
1573.137835
1575.258493
1577.268718
1579.198921
1581.043682
1582.902321
1584.811703
1586.403470
1588.540792
1590.314248
1592.598608
1594.489975
1596.427670
1598.518253
1600.547905
1602.826839
1604.779729
1606.676230
1608.324975
1610.335238
1612.022667
1613.822551
1615.658865
1617.535006
1619.674435
1622.179966
1624.283377
1626.441461
1628.372693
1630.765455
1633.057086
1634.863470
1637.482817
1639.827643
1642.017380
1643.903476
1645.912934
1648.109210
1650.362269
1652.657147
1655.004716
1657.292788
1659.115595
1661.133785
1663.150324
1665.187537
1667.436419
1669.458165
1671.586811
1673.911168
1675.886266
1678.145510
1680.732240
1683.378924
1685.689119
1688.112796
1690.329268
1692.898681
1695.107012
1697.326651
1699.780852
1701.881642
1704.291419
1706.807488
1709.243764
1711.781153
1713.897930
1716.139472
1718.448882
1720.693553
1723.210111
1726.163154
1728.649659
1730.967217
1733.543369
1735.494688
1737.559375
1739.966471
1742.291672
1745.084226
1747.528333
1750.165733
1752.891956
1755.275965
1758.213024
1760.754053
1763.094481
1765.586385
1768.216198
1770.498862
1773.564363
1775.768690
1778.608165
1781.321969
1784.238244
1786.574738
1789.372056
1792.297292
1795.168200
1797.935684
1800.271298
1802.535644
1805.286484
1808.332825
1811.257135
1813.863477
1816.404472
1819.649678
1822.634282
1825.663056
1828.382399
1831.474935
1834.653865
1837.826655
1840.634232
1843.384546
1846.904423
1849.595092
1852.380190
1855.854481
1859.419348
1862.945970
1866.207874
1869.316313
1872.058151
1875.846736
1878.999666
1882.394572
1885.810225
1889.500386
1892.600471
1895.585253
1898.752945
1902.677374
1906.505915
1909.753887
1913.620423
1917.265459
1921.677161
1925.010923
1928.914883
1933.025489
1936.505602
1940.210546
1943.623462
1946.620569
1950.402902
1954.781781
1959.001711
1963.202825
1966.887613
1971.365372
1974.661541
1978.681192
1983.467078
1987.751906
1992.307862
1997.250111
2000.939954
2005.012124
2009.152812
2013.380557
2017.450581
2022.219269
2026.823695
2032.034424
2036.947669
2041.560859
2047.286408
2053.065653
2058.104492
2063.138951
2069.245398
2074.328819
2079.777897
2085.322544
2090.978090
2095.796672
2101.601863
2108.425848
2114.132051
2119.716803
2126.436250
2132.231000
2139.364181
2146.093070
2153.404587
2159.963216
2166.665658
2173.716817
2179.784298
2187.111054
2194.958527
2202.056704
2208.838755
2215.315358
2223.062790
2231.523253
2239.155928
2247.885828
2256.616100
2264.584331
2275.382921
2283.449133
2292.458827
2301.506686
2310.849337
2320.910308
2331.037606
2341.985739
2356.045143
2368.938282
2379.357839
2394.787316
2409.198038
2422.840901
2437.112703
2451.750308
2470.749981
2488.338430
2505.428600
2526.679861
2550.680574
2577.910301
2608.415473
2640.963631
2676.709717
2719.631704
2766.452311
2832.134366
2916.454623
3050.864642
3696.154098

; MBMR3: mass_ion/mass_gas = 100
0.0000
109.166997
351.277952
429.819653
504.036991
546.027967
598.120566
640.341658
675.979373
712.326697
738.032191
767.241696
794.898818
820.921559
840.929141
862.765643
883.805828
905.794119
927.022379
948.051253
963.976408
979.698130
997.390335
1014.302410
1030.660507
1047.761999
1063.719529
1079.923895
1093.341869
1104.957415
1119.809943
1133.392384
1147.295129
1159.217700
1171.309069
1182.818500
1196.289676
1209.558504
1220.301748
1231.121722
1241.555092
1253.011412
1262.480091
1274.190419
1285.003095
1295.635034
1305.169400
1315.830626
1325.559698
1336.146325
1345.811573
1357.322451
1367.278320
1375.960531
1385.500628
1394.541010
1405.775441
1415.350036
1424.538640
1433.300658
1442.495735
1450.515836
1457.788832
1465.949676
1475.645113
1484.053113
1493.394790
1500.589916
1510.594390
1517.618172
1525.000372
1532.913383
1539.927085
1548.675069
1557.096727
1565.437906
1573.050441
1581.226993
1588.854496
1596.317756
1604.537544
1611.433889
1619.479459
1627.092375
1634.908284
1642.695118
1649.206254
1656.630335
1663.556569
1671.020634
1678.617639
1686.956339
1693.158995
1699.897679
1707.762968
1714.408885
1722.028956
1729.412308
1736.286520
1744.129584
1750.147634
1756.328541
1763.413729
1770.702327
1777.937635
1784.548444
1790.806917
1797.731768
1804.209226
1810.525615
1817.156831
1824.596010
1831.147381
1836.634499
1842.749943
1847.952329
1854.524150
1861.179657
1867.758520
1874.405426
1879.621858
1885.858299
1891.511093
1897.995308
1903.688193
1908.833233
1914.581077
1920.248783
1924.732488
1931.114097
1936.961613
1942.755571
1948.324292
1954.069701
1959.567826
1965.137439
1971.141275
1976.643904
1981.406775
1986.970333
1992.940201
2000.422746
2005.856912
2011.776817
2017.626859
2023.080485
2029.094968
2034.063848
2039.302524
2044.283132
2049.557134
2055.561044
2059.598474
2063.911089
2069.417555
2074.942003
2080.388721
2085.319433
2090.345800
2095.945314
2101.126099
2106.767139
2111.101286
2117.338360
2122.421253
2127.449114
2131.902049
2136.611092
2142.767410
2147.540302
2153.228185
2158.605356
2163.475467
2168.608920
2172.943596
2178.023265
2182.750468
2187.571079
2192.496685
2198.013409
2203.281865
2209.253954
2215.060777
2219.411787
2223.566818
2228.121241
2232.735261
2237.766116
2242.774342
2247.027432
2251.633960
2256.688973
2261.547361
2266.662311
2271.725820
2276.593609
2281.285115
2285.700109
2290.496494
2294.868064
2300.061174
2304.807343
2310.092096
2314.805092
2320.080186
2324.859609
2328.659291
2332.737163
2337.418863
2341.794834
2346.032493
2350.404765
2354.722736
2359.333798
2364.082011
2368.441806
2372.652378
2377.180971
2380.771327
2385.592628
2389.729334
2393.523911
2397.909801
2402.060567
2406.404936
2410.679820
2415.312066
2420.165937
2424.475252
2429.560479
2433.878971
2438.991893
2444.110595
2449.074330
2453.976869
2459.203435
2463.139612
2467.538140
2472.525336
2477.633036
2481.317697
2485.881686
2490.559118
2493.997322
2498.142514
2502.514928
2506.597894
2510.209002
2515.123668
2519.801114
2524.016719
2528.419777
2532.750404
2537.834390
2542.282814
2546.678234
2551.386763
2555.622026
2560.024434
2564.410521
2568.931113
2572.997504
2577.373591
2581.869262
2586.750532
2591.311289
2595.647714
2599.394318
2603.909779
2608.640716
2612.599647
2616.428814
2621.552197
2625.971306
2631.310068
2635.998529
2640.363325
2644.199390
2647.710010
2651.940999
2656.168671
2660.294331
2664.448561
2668.957371
2673.726206
2678.214838
2682.732483
2687.021104
2690.470813
2694.602903
2698.734784
2703.427773
2707.556741
2711.146495
2715.382924
2719.427232
2724.232066
2728.067237
2731.870604
2736.540926
2741.127739
2744.874061
2748.642263
2753.301617
2758.203141
2762.203484
2766.474581
2770.452484
2774.796821
2778.769140
2782.226715
2785.389112
2789.801205
2793.380362
2797.767450
2801.714246
2805.536313
2809.853572
2814.376264
2818.939647
2823.431159
2828.185052
2832.283560
2835.926881
2840.251245
2844.271963
2848.143286
2852.444178
2856.164152
2860.144208
2864.528531
2868.514686
2873.690753
2877.305395
2880.940463
2884.939513
2888.726403
2892.353710
2895.583991
2900.693761
2905.251329
2909.033673
2913.012215
2916.989004
2920.717890
2924.328366
2928.125152
2931.942390
2935.619183
2939.396523
2942.987817
2946.602751
2951.264196
2955.264816
2959.312922
2962.973379
2967.189851
2971.460125
2975.882891
2979.516968
2983.817687
2987.486060
2991.535268
2995.510867
2999.856056
3004.324406
3007.621292
3011.589334
3015.850467
3019.165720
3022.944382
3027.447221
3031.551057
3035.322816
3038.757660
3042.560509
3046.647895
3050.243451
3054.048110
3058.718508
3062.569352
3066.189500
3070.478655
3074.477097
3078.528455
3082.485452
3086.736721
3090.249946
3094.387965
3098.730653
3102.249748
3106.503923
3110.105088
3114.284174
3118.051204
3122.184626
3126.246796
3129.772829
3133.142277
3137.192731
3140.596029
3143.878140
3147.628138
3152.068159
3156.526635
3160.581511
3163.934953
3167.334318
3171.186581
3175.826642
3179.983538
3184.342785
3187.984847
3191.595703
3195.910093
3199.412307
3202.649191
3206.543982
3210.448843
3214.335057
3218.423678
3222.375639
3226.023009
3229.498126
3234.332457
3238.194045
3241.890247
3245.968253
3249.436266
3252.750429
3256.640368
3259.962056
3263.707470
3267.242850
3271.121391
3274.738147
3279.214900
3283.009395
3286.898896
3290.972405
3294.880087
3299.554638
3303.840271
3307.593521
3312.070342
3315.924356
3320.340323
3324.615778
3328.459853
3332.717789
3336.196712
3340.420988
3344.375459
3347.773726
3351.641233
3355.103665
3358.834267
3363.110244
3367.136947
3371.121994
3374.594474
3379.247825
3383.825575
3387.467830
3391.579409
3395.536848
3399.361221
3403.471630
3406.930924
3410.680377
3415.155313
3418.926407
3422.527563
3426.252125
3429.999010
3433.754737
3437.475958
3441.700457
3445.796379
3449.374805
3452.642256
3456.166552
3460.137345
3464.145720
3468.914706
3472.648894
3476.797188
3480.338945
3484.610983
3489.050425
3492.537261
3496.951062
3501.024984
3505.390911
3508.884551
3513.339845
3517.622039
3521.072778
3524.180758
3527.977453
3531.592937
3535.344084
3539.213120
3543.153364
3547.286129
3551.869616
3555.732456
3560.030544
3564.326058
3568.233786
3572.009637
3576.314432
3580.706019
3584.775470
3588.693639
3592.585370
3596.055710
3600.232786
3603.466868
3607.627902
3610.812667
3614.839590
3618.792832
3623.006026
3626.984991
3631.829008
3635.899848
3638.929952
3642.386543
3646.800792
3650.699067
3654.884117
3658.590318
3662.120837
3666.575244
3670.362502
3674.095295
3678.325192
3682.499990
3686.508445
3690.363238
3694.620874
3698.646121
3703.587476
3707.409424
3711.640916
3717.016690
3720.911781
3724.358848
3728.470878
3732.708337
3736.655869
3740.604358
3745.096264
3749.733156
3753.695897
3757.876687
3762.615746
3766.362602
3770.527862
3774.749739
3779.181965
3783.285778
3787.605833
3792.117325
3796.095457
3799.990576
3804.957042
3809.011630
3813.166914
3818.158594
3822.867197
3826.568961
3830.329420
3834.244040
3838.027336
3841.937600
3845.053662
3848.932303
3853.794318
3857.567783
3861.661051
3866.111989
3870.588669
3874.060583
3878.150469
3883.054338
3887.530837
3891.880526
3896.489491
3900.705680
3904.743504
3908.787836
3913.674643
3918.337202
3922.247339
3927.440638
3931.977044
3936.988265
3941.411324
3945.886312
3950.637061
3954.754614
3958.602190
3963.059486
3967.912188
3972.186108
3975.907357
3979.416416
3983.001019
3986.807336
3990.343385
3993.872951
3998.473150
4002.650965
4006.663718
4011.386540
4015.603133
4019.930596
4024.490920
4028.306069
4032.461656
4036.400149
4040.824878
4044.898546
4049.317196
4054.201405
4058.993177
4064.066405
4067.957899
4071.656963
4076.027976
4080.819560
4086.113770
4090.809407
4094.786489
4098.541593
4102.742532
4107.286509
4112.945981
4117.571731
4122.437592
4127.448740
4131.921072
4135.746707
4140.041340
4143.584825
4148.030796
4152.895805
4157.191995
4161.641541
4166.524759
4170.506674
4175.209283
4179.364905
4183.353420
4187.772721
4192.507439
4196.620769
4201.153787
4205.377327
4209.656040
4214.131484
4220.149146
4224.396303
4228.497744
4232.630120
4236.612804
4241.379214
4246.625014
4250.974285
4255.074777
4259.911017
4264.563496
4269.404725
4274.030791
4278.469920
4283.009305
4287.313593
4291.449095
4296.308147
4300.387508
4304.713554
4309.377709
4314.561134
4320.349590
4325.375655
4329.910810
4335.436374
4341.239613
4345.766165
4350.760584
4356.476550
4361.297848
4366.932014
4372.581841
4378.018619
4383.025115
4387.897842
4392.930601
4397.350761
4402.262260
4406.486239
4411.056499
4416.218955
4421.347250
4426.744606
4430.767846
4435.019142
4439.430060
4443.705123
4448.291869
4453.272024
4458.335139
4463.013135
4468.376304
4472.547812
4477.421429
4482.035712
4487.323827
4492.258675
4496.477285
4501.181700
4506.282326
4512.169448
4517.422159
4522.080502
4526.970837
4532.466716
4537.642907
4544.026633
4548.921837
4554.140029
4559.066932
4563.577138
4568.667020
4573.651106
4579.474979
4585.014811
4590.502695
4595.704586
4601.848545
4607.145553
4612.528468
4617.906389
4623.806901
4629.000639
4634.998602
4640.189027
4645.310497
4651.026082
4656.777577
4663.028102
4668.407104
4674.031083
4678.404747
4683.832398
4689.922139
4695.918918
4701.195769
4705.973977
4711.156375
4717.067178
4723.181753
4729.633949
4735.506649
4741.298177
4747.008776
4752.691574
4758.779025
4765.451896
4770.790664
4776.092120
4781.461054
4786.662604
4792.898723
4798.720724
4804.639129
4810.349224
4815.790487
4821.540930
4826.971138
4834.529652
4841.011578
4847.204800
4852.450331
4858.705948
4863.679316
4870.069966
4875.401529
4881.883191
4888.589407
4894.862814
4901.004472
4907.356529
4914.082610
4920.803103
4927.837086
4934.727916
4940.995194
4946.524040
4953.497160
4959.805364
4966.176595
4972.751566
4978.439257
4983.900831
4989.846207
4996.198278
5003.543823
5010.158898
5017.341342
5022.992444
5029.380357
5036.845424
5044.489047
5051.202996
5057.603421
5063.894979
5070.312566
5076.136502
5083.924024
5091.963071
5097.684908
5103.682017
5110.757380
5117.559846
5124.602100
5131.774098
5139.107192
5146.641218
5153.521539
5161.384782
5169.317513
5176.165786
5183.635202
5190.244231
5197.922433
5204.646511
5211.645179
5218.792479
5226.365321
5234.584277
5240.627360
5246.787895
5253.797503
5260.647734
5269.514809
5277.223052
5285.048658
5293.308529
5301.912718
5308.966688
5317.162331
5325.289260
5333.563903
5341.604144
5349.400133
5356.028418
5363.311897
5371.239666
5379.039779
5387.045723
5395.446555
5403.003712
5409.623355
5417.697417
5425.720846
5433.938168
5442.136076
5449.706310
5458.257786
5466.634002
5476.391902
5485.055735
5493.607937
5501.609711
5509.566665
5518.392471
5526.914661
5535.496748
5544.509129
5554.939550
5564.013944
5573.260951
5581.813601
5590.759205
5600.812383
5610.871629
5622.139976
5633.535991
5643.460664
5653.413919
5663.521303
5673.658227
5684.170065
5694.868345
5705.824152
5716.742657
5725.772235
5735.827323
5745.918371
5757.815801
5769.623706
5782.313072
5792.624555
5803.433687
5816.369198
5827.672361
5840.650350
5849.269567
5860.047486
5871.120538
5884.922079
5895.696672
5905.949697
5917.585988
5931.953722
5945.594268
5958.369155
5970.878684
5982.257040
5996.327547
6006.396029
6020.191980
6031.491175
6045.629613
6060.129428
6072.010449
6085.608043
6099.298494
6111.581802
6126.453440
6142.538846
6157.773467
6170.772175
6183.745176
6197.000488
6213.652013
6229.628809
6243.590233
6261.570188
6275.959168
6290.745216
6307.036385
6320.990204
6337.126261
6355.684488
6371.309648
6388.057635
6402.813729
6418.618174
6439.100175
6457.365418
6476.784194
6496.503831
6515.996184
6535.351382
6554.515972
6573.578318
6596.978855
6622.641068
6646.953203
6670.462234
6695.654596
6724.059839
6748.933036
6773.554422
6796.687711
6826.587517
6854.789195
6879.968095
6904.605365
6936.539175
6964.124988
6988.424487
7021.875250
7056.120530
7090.996572
7121.458857
7163.243486
7199.160802
7238.995819
7279.436570
7329.443425
7372.667017
7421.331262
7470.044967
7515.216562
7572.047984
7633.359803
7703.227665
7780.836344
7869.448616
7955.623666
8058.634616
8192.041487
8353.208138
8564.628590
8821.253514
9213.403769
11534.534682

; MBMR4: mass_ion/mass_gas = 1000
0.0000
244.918978
1110.857134
1384.462639
1588.148798
1777.205726
1932.511130
2046.934908
2139.993294
2240.257346
2337.854741
2418.640413
2495.353094
2577.856687
2648.872198
2702.950923
2776.542468
2833.063710
2883.305368
2945.855374
2994.834717
3056.704439
3112.980888
3170.613575
3217.476997
3271.463139
3314.965493
3361.119322
3408.202082
3450.017334
3495.290227
3537.148130
3577.643670
3622.933670
3668.121300
3709.485824
3746.040050
3780.379622
3814.755804
3853.014110
3881.097764
3926.711528
3965.151620
3994.179025
4024.640049
4061.240046
4093.229698
4121.905920
4156.631620
4188.346880
4222.612703
4255.865331
4287.960924
4315.834987
4343.781567
4373.724565
4406.018912
4434.368693
4461.493072
4492.560776
4519.144558
4547.819096
4572.322109
4599.644533
4628.998201
4651.846230
4675.367313
4702.372473
4728.863149
4750.941629
4778.113692
4803.370612
4829.078810
4855.223730
4880.604649
4903.419810
4925.864068
4953.391783
4975.273218
4999.361887
5027.461420
5052.980381
5074.793753
5096.388163
5122.683384
5144.832524
5171.136782
5192.673527
5212.124231
5233.616073
5254.635969
5275.046516
5297.675004
5321.744505
5341.454449
5362.028604
5386.082811
5409.447854
5427.927792
5449.687792
5470.682769
5490.337531
5510.077044
5534.071918
5558.504378
5576.689425
5599.461335
5619.840454
5643.284234
5664.642366
5682.598759
5702.155969
5720.035662
5738.227518
5757.920903
5775.913159
5793.635113
5813.108963
5830.919081
5854.603015
5874.956555
5891.880365
5912.706285
5931.432407
5948.307767
5965.752227
5982.540251
5998.959393
6019.029003
6038.771744
6056.006995
6075.655971
6092.388125
6113.639816
6131.566964
6148.308803
6166.616382
6184.415125
6202.807918
6220.154073
6238.238390
6254.935156
6273.749260
6289.638020
6303.722966
6319.779208
6337.947642
6356.640486
6373.775294
6392.962108
6409.936110
6425.754167
6442.587173
6457.726206
6474.650907
6492.068462
6509.083890
6526.554618
6544.354268
6559.516486
6573.933958
6591.561221
6609.953017
6627.340646
6643.020573
6658.214924
6676.221502
6694.648509
6711.402371
6727.578019
6741.817662
6757.035598
6773.491284
6790.241775
6805.634754
6821.576278
6839.588738
6856.713373
6871.432541
6884.839457
6902.031405
6916.119837
6931.497740
6947.273547
6962.457713
6979.175269
6993.601805
7009.948394
7024.434640
7039.928370
7056.546103
7071.935835
7087.961454
7102.167810
7115.281588
7128.788690
7144.737200
7157.124075
7172.491704
7188.613270
7202.677788
7218.166015
7235.010760
7252.031237
7267.990843
7285.246994
7298.883183
7314.361468
7330.363185
7345.289311
7362.064252
7378.767268
7391.362013
7407.816251
7420.632396
7434.445945
7449.325387
7463.991050
7480.102901
7492.805569
7508.887307
7522.601894
7536.783043
7547.812290
7561.008390
7575.930134
7591.037737
7606.039618
7622.437980
7637.282058
7651.853581
7664.346491
7676.883727
7690.544729
7703.943022
7718.721985
7732.743075
7747.005743
7760.830875
7774.230450
7788.189238
7801.405017
7814.734303
7828.067603
7840.229694
7853.393493
7866.401702
7881.392406
7894.371138
7905.968226
7919.167354
7933.590574
7947.271081
7961.077897
7974.884176
7989.313080
8003.764148
8018.610261
8030.968163
8046.509130
8060.183811
8073.828054
8086.112197
8100.575705
8115.011700
8128.198901
8141.681302
8153.329105
8165.842847
8180.402233
8194.657215
8208.100625
8220.136100
8235.320847
8248.848885
8262.511597
8275.547277
8288.153681
8300.830836
8314.624262
8331.047381
8345.842485
8357.740825
8372.072205
8384.945517
8397.179015
8407.636181
8418.776536
8431.273581
8443.622323
8454.812405
8467.548518
8481.838059
8496.074269
8510.996049
8520.050385
8531.558133
8543.602793
8556.463047
8569.281268
8580.290570
8592.876883
8603.962764
8618.228710
8630.768001
8644.563178
8657.606087
8669.453667
8682.350513
8694.405578
8706.938894
8721.745734
8735.363374
8748.486070
8762.836969
8775.300644
8787.696308
8800.431908
8810.909789
8821.154462
8833.842963
8847.053025
8862.223388
8874.592534
8887.174728
8899.328874
8909.229361
8919.485929
8931.228865
8942.786787
8954.880024
8968.509044
8980.023883
8991.302191
9004.430707
9016.054570
9028.501543
9042.788422
9056.732658
9069.594169
9081.451895
9092.423709
9106.650922
9122.670977
9133.886632
9147.135319
9159.452846
9171.049550
9183.409816
9196.725452
9208.027846
9219.469219
9230.902772
9244.848153
9256.441943
9269.462157
9282.830756
9296.540911
9307.193094
9322.070011
9334.562996
9345.900268
9356.834534
9370.437930
9383.704290
9397.368730
9411.967537
9424.367341
9437.185712
9447.275269
9458.954063
9471.337226
9484.996409
9496.532972
9509.588316
9523.534417
9534.298196
9547.412510
9559.598868
9572.865363
9584.820792
9596.585047
9607.204968
9620.744312
9634.108193
9645.614324
9656.457996
9668.051869
9682.178353
9693.956080
9705.909026
9717.727813
9728.511698
9740.828855
9753.188225
9768.054378
9779.541310
9793.074679
9804.849495
9820.561678
9833.569852
9847.885458
9861.584469
9874.153347
9887.713530
9902.473899
9915.143701
9929.446935
9942.406471
9954.322479
9967.252025
9978.212590
9989.263259
10000.687714
10011.845770
10023.292657
10034.216512
10045.930852
10057.595223
10070.577033
10085.099787
10098.286402
10108.690839
10121.147822
10133.813709
10146.299004
10156.792570
10169.506990
10181.785455
10195.684633
10210.772884
10221.239247
10232.265074
10245.582374
10259.140224
10271.790481
10282.653928
10295.981313
10308.966376
10321.963385
10335.432459
10348.984829
10360.986646
10371.547487
10382.059225
10395.971754
10407.202816
10418.259395
10430.687375
10443.506327
10456.533425
10468.406182
10478.762737
10492.032277
10503.578912
10516.424209
10528.525782
10539.214476
10553.005388
10563.988439
10574.656012
10586.103766
10599.476709
10613.777966
10629.069494
10642.221968
10655.859254
10669.463628
10681.986956
10692.673886
10704.708912
10717.064678
10729.892867
10745.227643
10756.938235
10769.589488
10781.244219
10790.611016
10801.227340
10812.275462
10823.512701
10835.082344
10847.550078
10858.282800
10871.583750
10884.048889
10895.183621
10906.200002
10917.874307
10928.237949
10941.691165
10952.843948
10965.635692
10977.265435
10987.776388
11000.323982
11011.511341
11023.886236
11037.073899
11048.988449
11062.104807
11074.267393
11085.199847
11096.772934
11106.684412
11119.011789
11129.725804
11141.800842
11154.015270
11166.223029
11179.818428
11192.760253
11204.897980
11217.211142
11229.302524
11242.383602
11254.989826
11268.298863
11282.387538
11290.726960
11302.962962
11316.810508
11329.329761
11341.525532
11354.558613
11365.968106
11379.524463
11390.186310
11404.099776
11416.629193
11431.256129
11443.504840
11455.464526
11467.840758
11479.174141
11490.640302
11503.357442
11520.527982
11535.250524
11548.438705
11564.209710
11576.665618
11587.805681
11601.017821
11616.749235
11628.236971
11642.022446
11654.428885
11666.184746
11678.946958
11690.816183
11701.219267
11715.214652
11729.391846
11741.111664
11756.042976
11768.347811
11781.037465
11792.928169
11808.616354
11819.772762
11831.315766
11843.271572
11856.624114
11870.015947
11883.037284
11894.763413
11909.215877
11922.059142
11936.441797
11949.016474
11960.110583
11972.914025
11988.858566
12002.978365
12016.148834
12029.664112
12045.015879
12055.392690
12067.439366
12082.547862
12095.602552
12108.819625
12120.657390
12134.823199
12148.043425
12163.647442
12176.526217
12188.503710
12200.853853
12215.598853
12229.434037
12240.538498
12253.101411
12266.446118
12280.934983
12294.305903
12309.998537
12322.993103
12335.083440
12351.031596
12364.973447
12377.651963
12393.658699
12405.811041
12421.117445
12434.153407
12447.198616
12461.287447
12473.821242
12484.767656
12498.755815
12511.516120
12523.537272
12538.514174
12555.488273
12570.799487
12586.527623
12600.022340
12615.498821
12628.770877
12639.298607
12652.966623
12667.313729
12679.673768
12689.876222
12701.361605
12714.918363
12727.880436
12741.255707
12755.775979
12771.298229
12785.045201
12801.043366
12813.169053
12830.045821
12844.629681
12858.904013
12872.163498
12884.470115
12897.682326
12913.892318
12929.896810
12946.154753
12961.170419
12977.677189
12992.396695
13008.166043
13019.317855
13030.226014
13044.754810
13060.046281
13074.074160
13088.283466
13104.019051
13123.795371
13137.614990
13153.637523
13166.869245
13182.403520
13195.543070
13210.690520
13222.488461
13240.301769
13256.558086
13268.383183
13282.703901
13296.399099
13308.214645
13323.033154
13341.830103
13356.737734
13370.313733
13385.382163
13402.091777
13415.532194
13433.009621
13447.090934
13460.098621
13473.704092
13490.168001
13504.757254
13516.822398
13533.498039
13547.934147
13562.877284
13578.366582
13593.698479
13612.093532
13626.981607
13642.789562
13656.440761
13674.841174
13689.837449
13705.240296
13718.858139
13735.003090
13751.701086
13765.144377
13783.873938
13800.349438
13815.351119
13829.375964
13844.483765
13858.935176
13875.580868
13890.635845
13904.296275
13919.125573
13935.214208
13954.291943
13971.969579
13989.167658
14002.241453
14017.893396
14034.625762
14051.645232
14066.952501
14084.193591
14100.673289
14119.618319
14134.535895
14149.442105
14166.532112
14181.538088
14199.409122
14215.930694
14232.561447
14247.067486
14262.564005
14279.609952
14294.219648
14310.098599
14328.125031
14345.837504
14361.573857
14377.398951
14392.809993
14411.545108
14428.920978
14444.643230
14460.727632
14477.505685
14493.552148
14511.915964
14527.914147
14544.700529
14563.166605
14579.865087
14596.200128
14615.518335
14632.116486
14648.593351
14668.982478
14685.051376
14704.049459
14720.240045
14737.367271
14754.864724
14774.172419
14791.973987
14807.461084
14826.062790
14842.994305
14857.648422
14876.481890
14896.186784
14915.894443
14931.446643
14949.698252
14967.074614
14985.958013
15004.435038
15021.960844
15041.355036
15056.390823
15075.260385
15094.491958
15113.496887
15132.119302
15151.878440
15170.712030
15192.892582
15209.430065
15232.106294
15254.137898
15276.173702
15294.266267
15311.455464
15329.897141
15346.815296
15362.950657
15381.986647
15399.973855
15418.952308
15438.765940
15458.976087
15479.167530
15498.729296
15516.949403
15535.387413
15556.995664
15575.827894
15596.334859
15613.849535
15636.187812
15658.143444
15677.194800
15698.344699
15720.932347
15737.536235
15759.298637
15784.223925
15802.429301
15824.299188
15844.822938
15863.761023
15884.187242
15906.597562
15930.063220
15952.254736
15975.689407
15996.159407
16013.959199
16037.187643
16061.314687
16082.924527
16102.865377
16123.361912
16150.775231
16173.391311
16197.073380
16219.320669
16239.873828
16261.189335
16282.990212
16307.337161
16334.250194
16357.377397
16378.307820
16398.187189
16422.595609
16449.687341
16475.834443
16498.162880
16519.652256
16547.916257
16573.580091
16595.774224
16620.174709
16646.085704
16670.884204
16694.940458
16722.398797
16747.804492
16771.909165
16799.577632
16824.157008
16848.405354
16869.561717
16894.663102
16917.836180
16946.171103
16971.154109
16999.492053
17026.779744
17056.693595
17080.524948
17107.548998
17134.971408
17164.841796
17195.237815
17224.717873
17250.200258
17282.076869
17314.548398
17343.845289
17370.454591
17401.230840
17432.907041
17466.019790
17491.034963
17520.379829
17546.290073
17574.107034
17606.291492
17639.483731
17674.207690
17702.639820
17731.474003
17759.166952
17782.923230
17814.864405
17846.331212
17880.937761
17908.853636
17941.121490
17977.059750
18007.670429
18039.888777
18074.892534
18108.261368
18143.311307
18180.997755
18213.868644
18246.145991
18280.511345
18312.653053
18353.203898
18393.459451
18430.010049
18464.476163
18496.852915
18535.795615
18572.482396
18605.991506
18642.568960
18681.293730
18714.664189
18750.327233
18788.043952
18823.416247
18861.764963
18902.117695
18941.185916
18976.797603
19017.695847
19061.836890
19102.524637
19147.961846
19199.598105
19237.856085
19284.702250
19325.956344
19374.546382
19418.686107
19464.710561
19510.970988
19564.356241
19606.167173
19652.769051
19715.008614
19763.465916
19818.514760
19871.028566
19922.934128
19972.470794
20032.289340
20074.887077
20134.919441
20192.800943
20248.778454
20306.599695
20363.494129
20436.714280
20505.207985
20575.939961
20643.744945
20705.071083
20767.881855
20830.687547
20891.387352
20962.493570
21040.045753
21117.329416
21194.994037
21278.351364
21351.086724
21444.365578
21531.400151
21620.228260
21711.580272
21786.925257
21889.996240
21994.938831
22101.900058
22224.427162
22342.704880
22447.105983
22552.877979
22667.253017
22782.974922
22910.567466
23080.764337
23252.333092
23391.144348
23544.467790
23730.824169
23892.039584
24040.498271
24253.256241
24464.602365
24650.753834
24926.820511
25240.245746
25632.613015
26031.357015
26570.064787
27190.344293
28118.677059
29630.773997
37953.780030

; MBMR5: mass_ion/mass_gas = 10000
0.0000
414.445178
3203.768007
4097.135142
4611.692272
5009.427564
5453.200775
5789.921182
6171.828003
6449.677909
6740.419366
6973.065504
7225.896772
7437.649917
7635.266315
7786.855707
7968.698574
8146.576134
8330.760203
8514.945064
8696.624760
8824.469491
8966.776944
9102.564422
9232.236841
9381.802730
9538.836752
9688.259160
9825.007870
9966.094177
10095.174225
10219.929765
10374.724270
10496.388914
10622.424092
10731.408882
10847.828830
10959.464171
11080.040894
11180.451571
11287.660886
11404.576076
11509.493366
11610.378861
11715.330596
11801.971022
11886.818938
11981.821590
12075.968389
12169.764962
12267.070978
12351.021307
12430.671340
12522.376682
12610.324671
12709.369997
12806.781270
12889.982695
12980.843676
13057.000388
13136.494314
13226.185265
13302.366440
13402.878705
13470.802066
13542.482783
13618.480153
13699.259800
13771.698776
13857.638163
13926.889158
13996.490007
14066.208874
14141.788350
14220.269831
14296.446283
14363.425212
14442.898115
14513.753803
14574.139001
14638.830406
14707.901946
14769.135189
14855.008808
14925.754195
14989.643975
15060.531776
15124.213798
15182.891713
15243.492125
15301.298156
15366.614661
15423.648441
15484.640994
15553.941924
15629.228809
15692.314448
15747.932544
15819.077932
15877.925986
15940.128202
16000.632618
16062.829793
16117.638740
16174.825031
16230.116665
16284.352629
16339.000154
16402.473855
16458.231132
16519.437921
16577.293523
16634.155344
16681.933641
16743.821358
16801.137085
16860.053213
16927.632807
16983.984054
17051.900258
17115.762917
17167.035547
17225.202361
17273.684558
17337.980946
17389.951228
17443.776266
17498.028863
17545.624295
17591.784646
17645.091729
17699.010888
17757.128468
17814.910806
17871.882584
17921.118691
17964.297569
18013.114836
18070.912321
18118.545570
18167.980275
18222.723394
18278.720221
18330.941300
18375.440472
18431.532381
18487.580540
18543.518704
18595.805684
18640.865090
18689.966339
18741.928486
18801.943381
18844.346924
18893.678768
18931.585833
18980.602628
19026.447583
19074.165671
19125.913024
19174.579085
19218.928761
19270.574146
19321.189772
19367.880464
19405.953216
19448.343731
19499.222775
19552.243906
19590.004485
19643.178435
19691.490661
19742.937814
19792.833385
19849.540508
19903.825198
19952.748061
20001.292257
20050.042314
20096.627961
20136.288297
20193.412967
20240.576708
20281.860806
20328.361633
20373.080729
20419.007028
20460.583223
20503.659884
20547.204742
20597.683976
20640.029174
20688.789317
20738.132157
20788.722682
20839.045263
20888.182077
20936.736045
20985.765521
21032.056541
21074.969524
21121.133643
21163.381903
21208.841636
21251.293871
21302.619128
21347.025890
21389.011825
21433.549412
21485.046703
21525.135819
21560.850568
21602.726151
21642.506590
21681.950754
21719.325890
21766.643846
21808.839795
21849.235802
21889.935788
21933.607123
21976.615884
22018.535213
22054.693207
22100.233268
22145.803879
22186.848342
22238.432319
22286.167710
22328.077219
22375.840881
22412.857025
22453.910041
22495.242108
22537.958176
22586.003893
22629.927452
22671.772922
22708.727244
22752.433030
22805.419059
22853.802148
22896.769462
22937.276700
22971.832150
23007.479356
23051.656941
23092.841647
23143.149512
23188.628098
23233.512566
23271.023694
23314.706511
23358.427054
23399.462347
23440.648374
23478.811107
23517.929071
23562.722802
23595.021408
23635.362906
23675.135677
23714.085525
23760.599273
23792.358107
23833.543555
23879.060928
23913.317536
23958.023370
23997.638641
24039.102917
24074.990914
24118.258225
24153.302712
24196.915900
24236.980601
24277.680493
24318.907830
24366.470689
24405.953507
24443.866116
24486.207731
24530.258915
24572.626426
24613.277416
24652.608667
24693.268615
24729.397626
24765.995078
24801.244218
24846.041513
24887.973932
24929.294364
24963.391448
25000.886655
25039.494790
25076.523754
25110.922271
25152.455023
25194.158206
25227.123807
25267.585562
25305.660760
25347.086110
25385.014920
25421.166756
25463.030777
25509.153407
25543.735527
25576.927994
25612.225379
25651.093939
25688.561588
25723.098322
25765.595247
25805.362416
25844.175158
25880.815757
25921.795033
25957.255372
25993.919519
26035.424630
26068.824141
26115.864249
26155.718299
26193.565161
26237.129784
26274.981603
26313.726195
26345.558938
26385.599557
26427.075371
26464.657712
26498.211656
26531.595265
26575.183838
26617.016173
26655.188611
26696.466533
26737.057159
26773.875125
26809.645330
26850.884675
26898.176917
26935.585476
26965.544664
26999.553227
27038.692470
27077.121125
27110.851710
27150.890493
27187.266135
27230.303906
27266.931988
27304.137491
27340.803295
27377.424108
27417.076014
27453.571374
27491.928621
27524.432069
27562.475533
27600.829127
27635.766388
27672.203025
27709.029543
27755.838089
27797.906390
27833.405556
27874.006414
27911.249417
27947.494765
27986.373627
28027.472227
28065.369338
28105.392010
28150.521488
28190.953308
28227.420978
28267.506755
28298.590138
28339.429827
28377.596811
28413.798875
28449.854736
28489.576034
28531.001103
28571.746795
28606.242582
28643.558293
28677.161644
28716.618277
28762.864137
28802.064177
28841.715705
28881.333201
28919.180497
28957.496167
28992.768793
29036.451670
29079.632958
29120.221308
29156.468938
29192.629449
29231.519224
29261.553556
29296.828513
29339.098248
29380.542756
29420.674342
29460.619541
29493.247078
29531.027368
29564.211671
29600.797052
29642.509031
29678.736445
29714.899109
29756.941831
29793.137235
29833.380983
29866.151010
29903.223831
29955.655054
29994.100241
30034.394388
30070.521392
30107.570909
30141.066558
30176.392077
30214.737688
30254.849191
30289.939550
30336.372691
30372.473327
30419.676539
30457.123190
30498.637678
30539.915723
30577.926051
30619.644805
30657.203631
30696.319764
30740.181917
30780.404180
30821.165858
30856.391138
30893.955984
30932.671208
30973.777695
31010.940661
31053.956304
31084.936642
31125.024276
31173.582086
31210.165615
31246.402273
31287.460524
31326.942197
31363.344826
31400.038022
31440.281303
31480.273540
31523.670848
31558.727806
31596.657032
31633.386462
31667.426606
31708.032242
31746.940854
31784.710151
31820.502558
31859.561095
31896.982215
31938.692286
31966.846494
32002.422488
32040.212876
32075.822501
32115.214781
32156.420072
32195.346168
32230.532647
32276.940824
32314.979824
32356.772246
32392.339439
32426.191235
32463.887913
32503.159120
32541.827655
32588.436135
32625.577199
32663.482315
32700.122066
32737.846875
32774.958415
32811.384987
32852.135109
32891.484476
32929.973303
32973.205457
33017.839602
33056.038472
33096.228227
33134.128325
33174.487459
33215.426777
33252.099503
33294.510797
33328.922321
33369.187734
33413.375533
33457.299375
33497.884782
33541.168698
33575.901871
33614.363224
33657.405633
33695.764965
33732.683851
33770.607305
33810.623302
33854.509940
33891.286886
33932.829905
33975.437680
34017.570170
34060.394250
34103.350130
34141.880852
34182.869572
34220.161272
34261.935270
34308.948323
34340.269070
34373.179788
34410.273091
34450.958060
34497.684985
34533.853798
34572.090553
34612.256966
34653.865894
34689.326081
34724.285005
34762.705348
34797.129210
34837.332709
34883.112545
34922.840237
34968.675697
35003.930039
35051.284336
35092.718448
35134.846673
35179.720293
35222.464665
35269.140972
35304.838810
35342.338226
35382.531928
35429.527468
35469.527594
35512.124384
35548.035057
35584.116460
35631.014727
35670.497625
35711.194779
35748.420795
35787.366058
35831.628502
35877.489276
35913.389149
35951.378340
35988.446420
36028.260727
36066.326849
36105.224732
36152.536749
36197.126125
36242.847250
36288.516352
36331.279892
36370.513930
36417.732933
36459.765391
36504.036282
36547.994712
36586.665574
36626.989980
36672.136552
36714.030992
36757.258455
36793.867470
36832.388004
36869.535392
36910.595062
36958.490837
36997.248238
37044.655788
37084.655109
37124.107811
37162.449077
37209.263434
37252.362037
37291.712695
37333.975004
37385.110515
37429.837643
37476.431830
37522.189668
37559.227964
37607.593238
37654.614601
37692.367434
37738.263407
37782.230216
37828.646699
37875.484535
37923.706135
37967.455724
38005.770708
38051.410656
38098.093874
38140.506113
38191.068060
38237.547647
38286.599514
38328.984399
38371.477201
38417.716991
38464.785068
38505.500460
38547.681425
38589.974779
38635.247883
38679.068770
38720.490560
38767.134047
38812.613009
38851.426473
38893.075787
38935.936109
38980.186258
39020.887227
39063.516519
39104.438308
39148.208953
39194.422757
39239.721431
39287.831469
39330.871605
39374.252995
39420.392720
39471.695426
39522.512782
39564.963641
39615.667674
39662.964420
39708.785934
39751.194428
39795.151106
39846.235270
39890.341491
39937.335978
39979.900286
40028.281901
40085.791526
40122.864221
40170.700729
40228.347241
40271.451518
40315.674616
40361.910690
40401.866704
40448.473625
40494.868224
40539.053105
40583.954916
40629.818665
40676.255140
40723.943856
40774.674825
40823.025923
40877.616673
40921.473727
40964.811551
41015.369130
41057.140929
41114.539561
41166.106751
41210.872438
41262.014133
41312.483031
41357.009696
41404.708760
41457.322418
41505.994328
41557.440095
41606.333927
41656.313536
41714.430041
41771.922121
41815.450355
41871.464598
41918.203319
41965.730979
42010.747425
42072.759092
42127.684920
42183.760643
42231.067616
42278.037941
42327.058171
42388.416832
42441.971202
42495.376083
42542.325674
42599.038478
42644.311063
42691.660032
42749.207825
42804.407399
42852.282347
42909.586341
42964.083855
43015.459498
43088.116327
43142.897293
43200.006116
43252.001640
43302.078860
43359.103251
43409.495237
43456.801025
43507.954138
43561.641892
43608.297089
43654.793596
43708.730298
43773.606277
43827.163175
43881.059306
43937.496674
43989.262560
44042.154774
44101.189040
44160.147015
44214.781356
44274.365533
44327.356982
44386.368011
44439.041405
44498.327405
44554.348726
44609.715939
44669.909311
44734.504192
44788.470247
44844.541032
44905.028876
44963.651575
45012.977924
45076.828132
45146.392585
45211.589842
45271.569394
45331.262926
45402.146141
45457.130435
45520.106695
45577.914729
45653.407127
45704.710809
45769.392978
45829.051686
45902.105500
45957.667054
46017.069425
46077.667248
46148.483965
46202.992962
46264.426209
46322.133395
46387.171917
46444.142699
46518.695645
46581.231955
46634.354349
46704.904049
46783.254779
46845.703287
46908.001025
46983.639431
47045.868568
47115.242771
47174.216019
47234.103795
47291.603619
47365.998124
47432.891331
47488.148537
47545.091642
47604.035495
47665.268290
47727.955149
47790.815089
47854.658370
47913.071382
47983.798838
48066.225339
48144.601351
48215.625106
48275.702324
48342.165722
48419.348654
48495.324501
48567.592353
48640.196811
48712.322230
48781.015068
48849.162063
48922.071628
48996.755548
49067.198855
49142.474380
49223.543590
49290.710968
49367.351097
49461.255345
49549.194324
49627.233605
49709.732487
49783.586440
49865.649853
49927.300281
50014.172894
50100.928979
50181.579135
50268.188101
50338.935081
50420.224270
50496.545291
50567.406992
50652.669945
50725.854288
50828.430296
50916.244778
50992.504899
51074.709398
51171.357860
51248.571335
51345.301182
51420.291167
51505.699138
51590.960429
51671.935145
51755.727432
51838.924620
51931.086942
52026.769813
52127.529950
52213.899112
52315.076141
52390.201827
52475.562684
52570.166288
52666.698504
52755.016834
52841.205825
52936.600072
53013.929082
53101.960333
53195.423899
53301.032507
53419.143842
53511.387140
53590.633427
53668.600072
53754.718643
53868.467528
53963.513658
54063.105912
54167.282323
54272.903393
54390.317836
54491.095156
54587.485061
54701.445870
54806.117743
54939.105048
55051.304756
55161.290096
55277.945331
55368.473411
55479.118731
55579.157767
55676.414449
55796.041015
55908.776762
56030.548339
56147.778903
56271.675908
56385.658666
56498.452902
56606.768545
56721.978426
56830.350329
56950.268517
57073.354022
57197.851818
57315.051850
57433.818945
57546.686438
57663.432838
57765.212065
57891.448162
58018.094234
58154.969844
58284.493871
58416.132945
58547.238075
58690.639280
58844.288591
58970.310201
59099.186831
59235.578883
59380.559060
59523.793832
59666.814187
59810.150123
59958.241758
60106.258638
60268.964815
60422.336007
60585.062720
60735.694061
60882.471604
61050.628476
61195.148114
61366.135273
61527.959008
61704.704007
61871.435281
62034.730208
62214.199947
62377.119152
62574.473344
62786.296409
62997.795902
63186.869825
63358.843256
63572.739143
63774.741542
64002.090922
64234.756128
64452.643610
64699.799080
64902.222364
65118.482886
65392.556039
65670.735966
65939.811276
66238.913215
66507.865349
66803.262991
67083.277450
67381.885319
67675.130748
67954.210740
68317.405609
68612.818142
68968.217045
69304.891253
69619.025079
69954.384709
70311.581779
70688.951966
71131.164612
71604.558579
72038.876441
72474.549614
72948.123309
73552.860974
74157.556363
74788.332727
75375.217425
76033.753646
76738.834513
77558.993687
78501.364025
79538.570001
80701.410461
81837.816521
83300.518165
84978.537755
87255.922159
90442.389138
96977.154692
131318.527867
